  0.83999999999999986     
  0.43599999999999994     
  0.30400000000000027     
  0.30000000000000071     
  0.29600000000000026     
  0.29199999999999982     
  0.27599999999999980     
  0.30400000000000027     
  0.30800000000000161     
  0.28400000000000070     
  0.31200000000000117     
  0.30799999999999983     
  0.29600000000000115     
  0.40799999999999947     
  0.29999999999999893     
  0.30400000000000027     
  0.32000000000000028     
  0.58400000000000141     
  0.43999999999999950     
  0.54000000000000092     
  0.65199999999999925     
  0.34800000000000075     
  0.31200000000000117     
  0.36800000000000033     
  0.29999999999999893     
  0.32799999999999940     
  0.32399999999999984     
  0.32400000000000162     
  0.30000000000000071     
  0.30399999999999849     
  0.30799999999999983     
  0.28400000000000247     
  0.32399999999999807     
  0.32399999999999807     
  0.30799999999999983     
  0.32800000000000296     
  0.32000000000000028     
  0.36400000000000077     
  0.32799999999999940     
  0.30800000000000338     
  0.32399999999999807     
  0.31200000000000117     
  0.31200000000000117     
  0.32799999999999940     
  0.25999999999999801     
  0.20800000000000196     
  0.20400000000000063     
  0.21600000000000108     
  0.21199999999999974     
  0.19999999999999929     
  0.33199999999999719     
  0.21599999999999753     
  0.21600000000000108     
  0.21199999999999974     
  0.21199999999999974     
  0.21599999999999753     
  0.22400000000000020     
  0.21999999999999886     
  0.20400000000000063     
  0.22799999999999798     
  0.22400000000000020     
  0.20800000000000196     
  0.22400000000000020     
  0.22000000000000242     
  0.21999999999999886     
  0.21999999999999886     
  0.22400000000000020     
  0.21199999999999974     
  0.22400000000000020     
  0.20400000000000063     
  0.21199999999999974     
  0.22400000000000020     
  0.22000000000000242     
  0.20400000000000063     
  0.22400000000000020     
  0.20799999999999841     
  0.21599999999999753     
  0.20399999999999707     
  0.21199999999999974     
  0.20800000000000196     
  0.21600000000000108     
  0.22000000000000242     
  0.20400000000000063     
  0.20800000000000196     
  0.20400000000000063     
  0.24800000000000111     
  0.22800000000000153     
  0.21199999999999974     
  0.21199999999999974     
  0.22400000000000020     
  0.21600000000000108     
  0.20400000000000063     
  0.22400000000000375     
  0.21600000000000108     
  0.21999999999999886     
   1.8479999999999990     
  0.21600000000000108     
  0.19599999999999795     
  0.21600000000000108     
  0.64400000000000546     
  0.19999999999999574     
  0.20400000000000063     
  0.90000000000000568     
  0.21600000000000108     
  0.21200000000000330     
  0.21600000000000108     
  0.90800000000000125     
  0.21600000000000108     
  0.21199999999999619     
  0.21200000000000330     
  0.64799999999999613     
  0.21600000000000108     
  0.20400000000000063     
  0.34400000000000119     
  0.21599999999999397     
  0.19599999999999795     
  0.21999999999999886     
  0.21600000000000108     
  0.21200000000000330     
  0.21200000000000330     
  0.21200000000000330     
  0.31600000000000250     
  0.32400000000000517     
  0.32400000000000517     
  0.31600000000000250     
  0.32400000000000517     
  0.30400000000000205     
  0.32399999999999807     
  0.32399999999999807     
  0.30799999999999983     
  0.32399999999999807     
  0.32799999999999585     
  0.32000000000000028     
  0.32400000000000517     
  0.33200000000000074     
  0.33199999999999363     
  0.33200000000000074     
  0.33200000000000074     
  0.34000000000000341     
  0.33600000000000563     
  0.31199999999999761     
  0.31600000000000250     
  0.33200000000000074     
  0.32000000000000028     
  0.34000000000000341     
  0.32799999999999585     
  0.33200000000000074     
  0.33200000000000074     
  0.33599999999999852     
  0.32000000000000028     
  0.31600000000000250     
  0.33999999999999631     
  0.33999999999999631     
  0.34400000000000119     
  0.33600000000000563     
  0.33200000000000074     
  0.34399999999999409     
  0.35999999999999943     
  0.33200000000000074     
  0.33600000000000563     
  0.33599999999999852     
  0.33200000000000074     
  0.33199999999999363     
  0.31600000000000250     
  0.31600000000000250     
  0.33599999999999852     
  0.33600000000000563     
  0.33200000000000074     
  0.31599999999999540     
  0.33599999999999852     
  0.33599999999999852     
  0.33599999999999852     
  0.33599999999999852     
  0.34000000000000341     
  0.33599999999999852     
  0.33600000000000563     
  0.31600000000000250     
  0.34400000000000119     
  0.34400000000000119     
  0.32000000000000028     
  0.35199999999999676     
  0.52799999999999869     
  0.32399999999999807     
  0.32399999999999807     
  0.34000000000000341     
  0.33999999999998920     
  0.33999999999998920     
  0.33999999999998920     
  0.34400000000000830     
  0.34399999999999409     
  0.38400000000000034     
  0.34399999999999409     
  0.33999999999998920     
  0.33999999999998920     
  0.33999999999998920     
  0.31999999999999318     
  0.34799999999999898     
  0.31999999999999318     
  0.32399999999999807     
  0.34400000000000830     
  0.34399999999999409     
  0.34399999999999409     
  0.32000000000000739     
  0.32399999999999807     
  0.32399999999999807     
  0.34399999999999409     
  0.34000000000000341     
  0.34400000000000830     
  0.34399999999999409     
  0.33999999999998920     
  0.33599999999999852     
  0.32399999999999807     
  0.32399999999999807     
  0.34799999999999898     
  0.32000000000000739     
  0.32800000000000296     
  0.32800000000000296     
  0.32400000000001228     
  0.34399999999999409     
  0.33999999999998920     
  0.34399999999999409     
  0.33600000000001273     
  0.35200000000000387     
  0.34400000000000830     
  0.71999999999999886     
  0.37199999999999989     
  0.35600000000000875     
  0.33599999999999852     
  0.33600000000001273     
  0.33199999999999363     
  0.35999999999999943     
  0.35199999999998965     
  0.33599999999999852     
  0.35200000000000387     
  0.33599999999999852     
  0.35200000000000387     
  0.35600000000000875     
  0.34399999999999409     
  0.32800000000000296     
  0.33199999999999363     
  0.35600000000000875     
  0.32800000000000296     
  0.33199999999999363     
  0.35600000000000875     
  0.33599999999999852     
  0.34800000000001319     
  0.35199999999998965     
  0.34399999999999409     
  0.32399999999999807     
  0.34000000000000341     
  0.32800000000000296     
  0.34400000000000830     
  0.34799999999999898     
  0.34000000000000341     
  0.34399999999999409     
  0.34400000000000830     
  0.34399999999999409     
  0.44800000000000750     
  0.34000000000000341     
  0.32800000000000296     
  0.34799999999999898     
  0.35199999999998965     
  0.32799999999998875     
  0.35599999999999454     
  0.34799999999999898     
  0.34399999999999409     
  0.34400000000000830     
  0.35200000000000387     
  0.32800000000000296     
  0.35200000000000387     
  0.34799999999999898     
  0.34799999999999898     
  0.32800000000000296     
  0.35599999999999454     
  0.34399999999999409     
  0.35999999999999943     
  0.34799999999999898     
  0.34799999999999898     
  0.35200000000000387     
  0.34400000000000830     
  0.32800000000000296     
  0.35599999999999454     
  0.23599999999999000     
  0.18399999999999750     
  0.34399999999999409     
  0.33999999999998920     
  0.34799999999999898     
  0.34000000000000341     
  0.34799999999999898     
  0.33599999999999852     
  0.34799999999999898     
  0.34400000000000830     
  0.34000000000000341     
  0.34000000000000341     
  0.33599999999999852     
  0.34399999999999409     
  0.34400000000000830     
  0.34000000000000341     
  0.34400000000000830     
  0.34000000000000341     
  0.34399999999999409     
  0.33999999999998920     
  0.34799999999999898     
  0.34400000000000830     
  0.34000000000000341     
  0.34399999999999409     
  0.33599999999999852     
  0.31600000000000250     
  0.33599999999999852     
  0.31199999999999761     
  0.32000000000000739     
  0.33599999999999852     
  0.31599999999998829     
  0.33599999999999852     
  0.33599999999999852     
  0.33999999999998920     
  0.34399999999999409     
  0.32000000000000739     
  0.34400000000000830     
  0.32399999999999807     
  0.33599999999999852     
  0.31199999999999761     
  0.33599999999999852     
  0.33599999999999852     
  0.33599999999999852     
  0.32800000000000296     
  0.33599999999999852     
  0.33199999999999363     
  0.33600000000001273     
  0.33599999999999852     
  0.31199999999999761     
  0.31600000000000250     
  0.33599999999999852     
  0.32799999999998875     
  0.33599999999999852     
  0.33200000000000784     
  0.31600000000000250     
  0.33600000000001273     
  0.33199999999999363     
  0.33199999999999363     
  0.31200000000001182     
  0.31999999999999318     
  0.33599999999999852     
  0.33200000000000784     
  0.33599999999999852     
  0.33599999999999852     
  0.33599999999999852     
  0.33199999999999363     
  0.33199999999999363     
  0.31600000000000250     
  0.31600000000000250     
  0.33999999999998920     
  0.33999999999998920     
  0.23599999999999000     
  0.17600000000000193     
  0.19199999999999307     
  0.18800000000000239     
  0.18399999999999750     
  0.17200000000001125     
  0.18800000000000239     
  0.17600000000000193     
  0.17600000000000193     
  0.28799999999999670     
  0.23600000000000421     
  0.23600000000000421     
  0.23999999999999488     
  0.21999999999999886     
  0.24000000000000909     
  0.23600000000000421     
  0.23199999999999932     
  0.23600000000000421     
  0.21600000000000819     
  0.21999999999999886     
  0.23999999999999488     
  0.22800000000000864     
  0.22800000000000864     
  0.23599999999999000     
  0.24000000000000909     
  0.22400000000001796     
  0.23600000000001842     
  0.21600000000000819     
  0.23999999999998067     
  0.23599999999999000     
  0.23199999999999932     
  0.23600000000001842     
  0.18399999999999750     
  0.17599999999998772     
  0.19199999999997885     
  0.18799999999998818     
  0.19200000000000728     
  0.18800000000001660     
  0.19200000000000728     
  0.17600000000001614     
  0.18799999999998818     
  0.19199999999997885     
  0.18799999999998818     
  0.17599999999998772     
  0.19200000000000728     
  0.23600000000001842     
  0.32400000000001228     
  0.31600000000000250     
  0.34000000000000341     
  0.31600000000000250     
  0.32400000000001228     
  0.34399999999999409     
  0.31999999999999318     
  0.34000000000000341     
  0.34000000000000341     
  0.31999999999999318     
  0.32399999999998386     
  0.34000000000000341     
  0.32399999999998386     
  0.34399999999999409     
  0.34400000000002251     
  0.34000000000000341     
  0.34399999999999409     
  0.34400000000002251     
  0.31999999999999318     
  0.34399999999999409     
  0.31600000000000250     
  0.34399999999999409     
  0.34400000000002251     
  0.34399999999999409     
  0.34799999999998477     
  0.34000000000000341     
  0.31999999999999318     
  0.34400000000002251     
  0.34400000000002251     
  0.31999999999999318     
  0.32399999999998386     
   1.3160000000000025     
  0.81999999999999318     
  0.34399999999999409     
  0.98400000000000887     
  0.34000000000000341     
  0.99600000000000932     
  0.33199999999999363     
  0.93999999999999773     
  0.31200000000001182     
  0.32800000000000296     
  0.33599999999998431     
  0.30799999999999272     
  0.35200000000000387     
  0.32399999999998386     
  0.32399999999998386     
  0.32400000000001228     
  0.32400000000001228     
  0.32400000000001228     
  0.32399999999998386     
  0.30400000000000205     
  0.32800000000000296     
  0.30400000000000205     
  0.32800000000000296     
  0.30799999999999272     
  0.32399999999998386     
  0.32400000000001228     
  0.30799999999999272     
  0.32800000000000296     
  0.30800000000002115     
  0.31600000000000250     
  0.32800000000000296     
  0.33199999999999363     
  0.32800000000000296     
  0.33200000000002206     
  0.30800000000002115     
  0.32800000000000296     
  0.33199999999999363     
  0.32399999999998386     
  0.32399999999998386     
  0.32800000000000296     
  0.30400000000000205     
  0.32800000000000296     
  0.30400000000000205     
  0.33600000000001273     
  0.30800000000002115     
  0.33199999999999363     
  0.33600000000001273     
  0.33200000000002206     
  0.33199999999999363     
  0.33199999999999363     
  0.33600000000001273     
  0.31200000000001182     
  0.31200000000001182     
  0.31999999999999318     
  0.17199999999999704     
  0.16399999999998727     
  0.17200000000002547     
  0.17599999999998772     
  0.15999999999999659     
  0.16399999999998727     
  0.17599999999998772     
  0.15999999999999659     
  0.21600000000000819     
  0.16400000000001569     
  0.17599999999998772     
  0.17599999999998772     
  0.17600000000001614     
  0.17600000000001614     
  0.17199999999999704     
  0.27600000000001046     
  0.32800000000000296     
  0.30000000000001137     
  0.33200000000002206     
  0.32800000000000296     
  0.31199999999998340     
  0.32800000000000296     
  0.30799999999999272     
  0.32799999999997453     
  0.32400000000001228     
  0.30800000000002115     
  0.33199999999999363     
  0.32800000000000296     
  0.32399999999998386     
  0.31199999999998340     
  0.33199999999999363     
  0.30400000000000205     
  0.33199999999999363     
  0.32800000000000296     
  0.32800000000000296     
  0.32800000000000296     
  0.33199999999999363     
  0.32800000000000296     
  0.33199999999999363     
  0.31200000000001182     
  0.33199999999999363     
  0.33199999999999363     
  0.33599999999998431     
  0.32400000000001228     
  0.31200000000001182     
  0.33199999999999363     
  0.31200000000001182     
  0.32800000000000296     
  0.32800000000000296     
  0.31200000000001182     
  0.32799999999997453     
  0.30799999999999272     
  0.31200000000001182     
  0.32800000000000296     
  0.32800000000000296     
  0.32800000000000296     
  0.31999999999999318     
  0.31999999999999318     
  0.32400000000001228     
  0.32800000000000296     
  0.32400000000001228     
  0.32800000000000296     
  0.30799999999999272     
  0.32800000000000296     
  0.30800000000002115     
  0.32800000000000296     
  0.31199999999998340     
  0.32800000000000296     
  0.30400000000000205     
  0.32800000000000296     
  0.31600000000000250     
  0.31200000000001182     
  0.31999999999999318     
  0.32799999999997453     
  0.32400000000001228     
  0.30800000000002115     
  0.33199999999999363     
  0.32400000000001228     
  0.31200000000001182     
  0.32799999999997453     
  0.32400000000001228     
  0.32800000000000296     
  0.30400000000000205     
  0.31200000000001182     
  0.32800000000000296     
  0.30800000000002115     
  0.42000000000001592     
  0.32800000000000296     
  0.30799999999999272     
  0.32800000000000296     
  0.30800000000002115     
  0.32800000000000296     
  0.33199999999999363     
  0.31199999999998340     
  0.33599999999998431     
  0.31200000000001182     
  0.32800000000000296     
  0.32800000000000296     
  0.32400000000001228     
  0.32800000000000296     
  0.32400000000001228     
  0.32400000000001228     
  0.32800000000000296     
  0.31200000000001182     
  0.31200000000001182     
  0.33200000000002206     
  0.31200000000001182     
  0.32800000000000296     
  0.32800000000000296     
  0.30799999999999272     
  0.32800000000000296     
  0.32400000000001228     
  0.31200000000001182     
  0.30799999999999272     
  0.32800000000000296     
  0.30799999999999272     
  0.31199999999998340     
  0.30799999999999272     
  0.31200000000001182     
  0.32800000000000296     
  0.30799999999999272     
  0.32800000000000296     
  0.32800000000000296     
  0.30799999999999272     
  0.31199999999998340     
  0.32800000000000296     
  0.32799999999997453     
  0.31199999999998340     
  0.32800000000000296     
  0.32399999999998386     
  0.30799999999999272     
  0.32800000000000296     
  0.32800000000000296     
  0.32399999999998386     
  0.32800000000000296     
  0.32799999999997453     
  0.32400000000001228     
  0.33600000000001273     
  0.33199999999999363     
  0.33600000000001273     
  0.31600000000000250     
  0.33600000000001273     
  0.32000000000002160     
  0.34000000000000341     
  0.33199999999999363     
  0.33599999999998431     
  0.33600000000001273     
  0.31600000000000250     
  0.34000000000000341     
  0.31200000000001182     
  0.31600000000000250     
  0.32000000000002160     
  0.31600000000000250     
  0.33599999999998431     
  0.33600000000001273     
  0.33600000000001273     
  0.33200000000002206     
  0.33600000000001273     
  0.33199999999999363     
  0.33600000000001273     
  0.31999999999999318     
  0.31599999999997408     
  0.33600000000001273     
  0.33600000000001273     
  0.33199999999999363     
  0.33600000000001273     
  0.33600000000001273     
  0.33199999999999363     
  0.33199999999999363     
  0.33599999999998431     
  0.31600000000000250     
  0.31600000000000250     
  0.33200000000002206     
  0.33600000000001273     
  0.33200000000002206     
  0.31200000000001182     
  0.30800000000002115     
  0.32800000000000296     
  0.32800000000000296     
  0.32800000000000296     
  0.32399999999998386     
  0.30799999999999272     
  0.30799999999999272     
  0.32399999999998386     
  0.32800000000000296     
  0.32799999999997453     
  0.32800000000000296     
  0.30799999999999272     
  0.33599999999998431     
  0.33199999999999363     
  0.34000000000000341     
  0.33600000000001273     
  0.33200000000002206     
  0.34000000000000341     
  0.33199999999999363     
  0.31999999999999318     
  0.33599999999998431     
  0.33599999999998431     
  0.33600000000001273     
  0.33600000000001273     
  0.33200000000002206     
  0.33600000000001273     
  0.33199999999999363     
  0.33600000000001273     
  0.33599999999998431     
  0.31999999999999318     
  0.33599999999998431     
  0.33599999999998431     
  0.33199999999999363     
  0.33600000000001273     
  0.34000000000000341     
  0.33199999999999363     
  0.33599999999998431     
  0.33599999999998431     
  0.33600000000001273     
  0.34000000000000341     
  0.33599999999998431     
  0.33600000000001273     
  0.31600000000000250     
  0.33599999999998431     
  0.31600000000000250     
  0.31999999999999318     
  0.34000000000000341     
  0.31600000000000250     
  0.33599999999998431     
  0.34000000000000341     
  0.31600000000000250     
  0.34000000000000341     
  0.31600000000000250     
  0.33600000000001273     
  0.32400000000001228     
  0.32400000000001228     
  0.32800000000000296     
  0.33199999999999363     
  0.33199999999999363     
  0.33599999999998431     
  0.33600000000001273     
   1.4319999999999879     
  0.33199999999999363     
  0.33600000000001273     
  0.75200000000000955     
  0.33999999999997499     
   1.0320000000000107     
  0.33600000000001273     
  0.31999999999999318     
  0.69600000000002638     
  0.31999999999999318     
   1.0720000000000027     
  0.33600000000001273     
  0.34000000000000341     
  0.33600000000001273     
  0.33199999999999363     
  0.33600000000001273     
  0.31200000000001182     
  0.33999999999997499     
  0.33600000000001273     
  0.33200000000002206     
  0.32800000000000296     
  0.33599999999998431     
  0.31999999999999318     
  0.32399999999998386     
  0.31200000000001182     
  0.33600000000001273     
  0.31199999999998340     
  0.31600000000000250     
   1.4320000000000164     
   1.0720000000000312     
  0.33999999999997499     
  0.33600000000001273     
  0.94400000000001683     
  0.32799999999997453     
  0.33599999999995589     
  0.67600000000004457     
  0.38799999999997681     
  0.41999999999995907     
  0.33199999999999363     
   1.2680000000000291     
  0.32400000000001228     
  0.34800000000001319     
  0.71600000000000819     
  0.34000000000003183     
   1.0040000000000191     
  0.33999999999997499     
  0.30799999999999272     
  0.30799999999999272     
  0.31999999999999318     
  0.33600000000001273     
  0.33600000000001273     
  0.33199999999999363     
  0.32799999999997453     
  0.32799999999997453     
  0.32800000000003138     
  0.32800000000003138     
  0.33199999999999363     
  0.31600000000003092     
  0.30799999999999272     
  0.30799999999999272     
  0.33599999999995589     
  0.31199999999995498     
  0.32400000000001228     
  0.32799999999997453     
  0.33199999999999363     
  0.32800000000003138     
  0.33199999999999363     
  0.33199999999999363     
  0.31600000000003092     
  0.34399999999999409     
  0.31199999999995498     
  0.32399999999995543     
  0.33199999999999363     
  0.33600000000001273     
  0.35199999999997544     
  0.35199999999997544     
  0.35199999999997544     
  0.33199999999999363     
  0.35599999999999454     
  0.34800000000001319     
  0.34800000000001319     
  0.35599999999999454     
  0.35199999999997544     
  0.32799999999997453     
  0.36000000000001364     
  0.35200000000003229     
  0.35200000000003229     
  0.35599999999999454     
  0.35599999999999454     
  0.35199999999997544     
  0.35600000000005139     
  0.33199999999999363     
  0.35599999999999454     
  0.35199999999997544     
  0.35199999999997544     
  0.34399999999999409     
  0.35199999999997544     
  0.35199999999997544     
  0.35200000000003229     
  0.33600000000001273     
  0.35999999999995680     
  0.35200000000003229     
  0.33600000000001273     
  0.35200000000003229     
  0.35199999999997544     
  0.35199999999997544     
  0.34799999999995634     
  0.33600000000001273     
  0.34000000000003183     
  0.34399999999999409     
  0.34799999999995634     
  0.34799999999995634     
  0.33199999999999363     
  0.35600000000005139     
  0.34800000000001319     
  0.31200000000001182     
  0.33600000000001273     
  0.33199999999999363     
  0.33599999999995589     
  0.32799999999997453     
  0.32799999999997453     
  0.32400000000001228     
  0.30800000000004957     
  0.30399999999997362     
  0.32400000000001228     
  0.32800000000003138     
  0.32800000000003138     
  0.32799999999997453     
  0.32799999999997453     
  0.32799999999997453     
  0.31600000000003092     
  0.33600000000001273     
  0.31600000000003092     
  0.33599999999995589     
  0.33600000000001273     
  0.33600000000001273     
  0.31599999999997408     
  0.33600000000001273     
  0.33600000000001273     
  0.33600000000001273     
  0.33199999999999363     
  0.33599999999995589     
  0.33199999999999363     
  0.31999999999999318     
  0.31599999999997408     
  0.33600000000001273     
  0.33199999999999363     
  0.32799999999997453     
  0.31200000000001182     
  0.31600000000003092     
  0.33600000000001273     
  0.31600000000003092     
  0.33600000000001273     
  0.31200000000001182     
  0.33600000000001273     
  0.31999999999999318     
  0.33599999999995589     
  0.33199999999999363     
  0.31600000000003092     
  0.33999999999997499     
  0.33199999999999363     
  0.31999999999999318     
  0.33600000000001273     
  0.33600000000001273     
  0.33999999999997499     
  0.33600000000001273     
  0.33199999999999363     
  0.33600000000001273     
  0.34000000000003183     
  0.33600000000001273     
  0.33199999999999363     
  0.31600000000003092     
  0.33600000000001273     
  0.33199999999999363     
  0.32400000000001228     
  0.33199999999999363     
  0.33199999999999363     
  0.32800000000003138     
  0.30799999999999272     
  0.33599999999995589     
  0.31200000000001182     
  0.34399999999999409     
  0.31200000000001182     
  0.33199999999999363     
  0.33199999999999363     
  0.33600000000001273     
  0.32400000000001228     
  0.33199999999999363     
  0.33999999999997499     
  0.33599999999995589     
  0.30799999999999272     
  0.32400000000001228     
  0.32400000000001228     
  0.30400000000003047     
  0.32400000000001228     
  0.32400000000001228     
  0.31999999999999318     
  0.32399999999995543     
  0.32799999999997453     
  0.31599999999997408     
  0.31600000000003092     
  0.33600000000001273     
  0.33199999999999363     
  0.32799999999997453     
  0.31200000000001182     
  0.33599999999995589     
  0.33199999999999363     
  0.32799999999997453     
  0.31600000000003092     
  0.33600000000001273     
  0.33199999999999363     
  0.31599999999997408     
  0.33199999999999363     
  0.32399999999995543     
  0.32800000000003138     
  0.31999999999999318     
  0.31599999999997408     
  0.33200000000005048     
  0.33199999999999363     
  0.33199999999999363     
  0.33200000000005048     
  0.33199999999999363     
  0.33199999999999363     
  0.33199999999999363     
  0.33600000000001273     
  0.32800000000003138     
  0.31999999999999318     
  0.31199999999995498     
  0.33599999999995589     
  0.33199999999999363     
  0.33600000000001273     
  0.42799999999999727     
  0.34000000000003183     
  0.33199999999999363     
  0.34399999999999409     
  0.32399999999995543     
  0.31599999999997408     
  0.34399999999999409     
  0.32799999999997453     
  0.31200000000001182     
  0.34399999999999409     
  0.34399999999999409     
  0.34000000000003183     
  0.34399999999999409     
  0.33599999999995589     
  0.33600000000001273     
  0.33600000000001273     
  0.31999999999999318     
  0.34399999999999409     
  0.33999999999997499     
  0.34399999999999409     
  0.33599999999995589     
  0.33999999999997499     
  0.34399999999999409     
  0.33999999999997499     
  0.33999999999997499     
  0.31999999999999318     
  0.34399999999999409     
  0.34000000000003183     
  0.31599999999997408     
  0.34000000000003183     
  0.32400000000001228     
  0.34399999999999409     
  0.31199999999995498     
  0.33599999999995589     
  0.33199999999999363     
  0.33600000000001273     
  0.32400000000001228     
  0.32400000000001228     
  0.34399999999999409     
  0.33599999999995589     
  0.31999999999999318     
  0.32400000000001228     
  0.34000000000003183     
  0.33600000000001273     
  0.34000000000003183     
  0.31999999999999318     
  0.31999999999999318     
  0.34399999999999409     
  0.33999999999997499     
  0.31600000000003092     
  0.33600000000001273     
  0.32400000000001228     
  0.34400000000005093     
  0.31599999999997408     
  0.34399999999999409     
  0.34000000000003183     
  0.34399999999999409     
  0.34000000000003183     
  0.34399999999999409     
  0.34000000000003183     
  0.34000000000003183     
  0.34800000000001319     
  0.31999999999999318     
  0.34399999999999409     
  0.34399999999999409     
  0.32000000000005002     
  0.34399999999999409     
  0.31999999999999318     
  0.34399999999999409     
  0.32400000000001228     
  0.34000000000003183     
  0.33600000000001273     
  0.33600000000001273     
  0.32800000000003138     
  0.33199999999999363     
  0.33600000000001273     
  0.33600000000001273     
  0.33600000000001273     
  0.33199999999999363     
  0.31599999999997408     
  0.33599999999995589     
  0.33600000000001273     
  0.33199999999999363     
  0.33199999999999363     
  0.33200000000005048     
  0.31599999999997408     
  0.31599999999997408     
  0.30800000000004957     
  0.33600000000001273     
  0.33199999999999363     
  0.31200000000001182     
  0.33600000000001273     
  0.33199999999999363     
  0.33600000000001273     
  0.33600000000001273     
  0.33199999999999363     
  0.33199999999999363     
  0.33599999999995589     
  0.33199999999999363     
  0.32799999999997453     
  0.33200000000005048     
  0.31199999999995498     
  0.31600000000003092     
  0.31600000000003092     
  0.31599999999997408     
  0.33600000000001273     
   2.0319999999999823     
  0.33199999999999363     
   1.0240000000000009     
  0.33600000000001273     
  0.33199999999999363     
  0.73200000000002774     
  0.31600000000003092     
  0.78399999999999181     
  0.33599999999995589     
  0.35199999999997544     
  0.33999999999997499     
  0.36000000000001364     
  0.34800000000001319     
  0.34800000000001319     
  0.37200000000001410     
  0.35200000000003229     
  0.33199999999999363     
  0.35599999999999454     
  0.35199999999997544     
  0.34800000000001319     
  0.35199999999997544     
  0.33199999999999363     
  0.36000000000001364     
  0.35599999999999454     
  0.33199999999999363     
  0.33600000000001273     
   1.9799999999999613     
  0.33600000000001273     
  0.98000000000001819     
  0.34800000000001319     
  0.83999999999997499     
  0.33200000000005048     
  0.35599999999999454     
  0.34799999999995634     
  0.34799999999995634     
  0.35199999999997544     
  0.35199999999997544     
  0.34800000000001319     
  0.33199999999999363     
  0.35200000000003229     
  0.35199999999997544     
  0.35199999999997544     
  0.33200000000005048     
  0.35199999999997544     
  0.34799999999995634     
  0.34799999999995634     
   1.3960000000000150     
  0.35600000000005139     
  0.35200000000003229     
  0.34399999999999409     
  0.32400000000001228     
  0.35199999999997544     
  0.35199999999997544     
  0.35199999999997544     
  0.33200000000005048     
  0.33600000000001273     
  0.34800000000001319     
  0.35200000000003229     
  0.35200000000003229     
  0.34399999999999409     
  0.35199999999997544     
  0.35199999999997544     
  0.35599999999999454     
  0.35199999999997544     
  0.32799999999997453     
  0.35199999999997544     
  0.34399999999999409     
  0.34799999999995634     
  0.34800000000001319     
  0.34400000000005093     
  0.34399999999999409     
  0.34399999999999409     
  0.33200000000005048     
  0.33199999999999363     
  0.35199999999997544     
  0.35599999999999454     
  0.35200000000003229     
  0.34800000000001319     
  0.35199999999997544     
  0.32800000000003138     
  0.35200000000003229     
  0.33600000000001273     
  0.33599999999995589     
  0.35200000000003229     
  0.35199999999997544     
  0.35199999999997544     
  0.35199999999997544     
  0.34800000000001319     
  0.35200000000003229     
  0.35200000000003229     
  0.32800000000003138     
  0.33600000000001273     
  0.35200000000003229     
  0.35200000000003229     
  0.35200000000003229     
  0.28399999999999181     
  0.35599999999999454     
  0.34799999999995634     
  0.34800000000001319     
  0.33199999999999363     
  0.35199999999997544     
  0.34800000000001319     
  0.35199999999997544     
  0.34800000000001319     
  0.34800000000001319     
  0.35200000000003229     
  0.33600000000001273     
  0.31200000000001182     
  0.31600000000003092     
  0.33199999999999363     
  0.32800000000003138     
  0.33199999999999363     
  0.32799999999997453     
  0.33199999999999363     
  0.32799999999997453     
  0.31200000000001182     
  0.33600000000001273     
  0.33200000000005048     
  0.33199999999999363     
  0.31200000000001182     
  0.33600000000001273     
  0.33199999999999363     
  0.33199999999999363     
  0.31200000000001182     
  0.33199999999999363     
  0.31599999999997408     
  0.33200000000005048     
  0.33200000000005048     
  0.33199999999999363     
  0.33199999999999363     
  0.33200000000005048     
  0.33199999999999363     
  0.33199999999999363     
  0.33199999999999363     
  0.33199999999999363     
  0.32800000000003138     
  0.32799999999997453     
  0.31599999999997408     
  0.33199999999999363     
  0.33200000000005048     
  0.33600000000001273     
  0.33199999999999363     
  0.31600000000003092     
  0.33600000000001273     
  0.33199999999999363     
  0.33200000000005048     
  0.32799999999997453     
  0.32800000000003138     
  0.31200000000001182     
  0.33600000000001273     
  0.33199999999999363     
  0.33199999999999363     
  0.33199999999999363     
  0.33199999999999363     
  0.33199999999999363     
  0.33600000000001273     
  0.31199999999995498     
  0.84000000000003183     
  0.33600000000001273     
  0.33199999999999363     
  0.33599999999995589     
  0.33199999999999363     
  0.33199999999999363     
  0.33199999999999363     
  0.33199999999999363     
  0.33199999999999363     
  0.31599999999997408     
  0.32400000000001228     
  0.33599999999995589     
  0.33199999999999363     
  0.33199999999999363     
  0.33199999999999363     
  0.31599999999997408     
  0.31600000000003092     
  0.33600000000001273     
  0.33600000000001273     
  0.33200000000005048     
  0.41199999999997772     
  0.33600000000001273     
  0.33199999999999363     
  0.33199999999999363     
  0.33199999999999363     
  0.33600000000001273     
  0.31600000000003092     
  0.33199999999999363     
  0.31599999999997408     
  0.33600000000001273     
  0.31199999999995498     
  0.32799999999997453     
  0.33200000000005048     
  0.33199999999999363     
  0.33199999999999363     
  0.32799999999997453     
  0.32800000000003138     
  0.32799999999997453     
  0.33200000000005048     
  0.33199999999999363     
  0.33199999999999363     
  0.31200000000001182     
  0.32799999999997453     
  0.33199999999999363     
  0.31200000000001182     
  0.33199999999999363     
  0.33199999999999363     
  0.31599999999997408     
  0.33599999999995589     
  0.31199999999995498     
  0.31599999999997408     
  0.33199999999999363     
  0.31199999999995498     
  0.33199999999999363     
  0.33199999999999363     
  0.33199999999999363     
   1.5920000000000414     
  0.86799999999999500     
  0.35199999999997544     
  0.99600000000003774     
  0.35200000000003229     
  0.48000000000001819     
  0.33600000000001273     
  0.35599999999999454     
  0.35200000000003229     
  0.35200000000003229     
  0.35200000000003229     
  0.35199999999997544     
  0.34800000000001319     
  0.34800000000001319     
  0.33600000000001273     
  0.35599999999999454     
  0.33600000000001273     
  0.34799999999995634     
  0.34399999999999409     
  0.34800000000001319     
  0.34800000000001319     
  0.35199999999997544     
  0.34800000000001319     
  0.35200000000003229     
  0.35199999999997544     
  0.34800000000001319     
  0.35200000000003229     
  0.34800000000001319     
  0.35199999999997544     
  0.33199999999999363     
  0.35599999999999454     
  0.35199999999997544     
  0.35199999999997544     
  0.35199999999997544     
  0.35199999999997544     
  0.35200000000003229     
  0.33600000000001273     
  0.35199999999997544     
  0.34800000000001319     
  0.35199999999997544     
  0.34800000000001319     
  0.35199999999997544     
  0.35200000000003229     
  0.34799999999995634     
  0.35199999999997544     
  0.36000000000001364     
  0.33199999999999363     
  0.34799999999995634     
  0.34799999999995634     
  0.33199999999999363     
  0.33600000000001273     
  0.35199999999997544     
  0.35199999999997544     
  0.34800000000001319     
  0.34800000000001319     
  0.35199999999997544     
  0.33199999999999363     
  0.33600000000001273     
  0.35199999999997544     
  0.33600000000001273     
  0.35599999999999454     
  0.33600000000001273     
  0.35599999999999454     
  0.33199999999999363     
  0.35199999999997544     
  0.33600000000001273     
  0.33600000000001273     
  0.33199999999999363     
  0.35200000000003229     
  0.36000000000001364     
  0.35199999999997544     
  0.35199999999997544     
  0.33199999999999363     
  0.44800000000003593     
  0.46399999999999864     
  0.32800000000003138     
  0.32800000000003138     
  0.35199999999997544     
  0.34800000000001319     
  0.34399999999999409     
  0.34399999999999409     
  0.32400000000001228     
  0.32800000000003138     
  0.34800000000001319     
  0.34000000000003183     
  0.34399999999999409     
  0.32400000000001228     
   1.4360000000000355     
  0.35200000000003229     
  0.99599999999998090     
  0.33199999999999363     
   1.0559999999999832     
  0.35199999999997544     
  0.97199999999997999     
  0.35599999999999454     
  0.35199999999997544     
  0.35599999999999454     
  0.33199999999999363     
  0.35199999999997544     
  0.32799999999997453     
  0.35599999999999454     
  0.35200000000003229     
  0.35600000000005139     
  0.33199999999999363     
  0.43199999999995953     
  0.35599999999999454     
  0.35199999999997544     
  0.35200000000003229     
  0.41199999999997772     
  0.35599999999999454     
  0.33199999999999363     
  0.35599999999999454     
  0.37199999999995725     
  0.39600000000001501     
  0.33199999999999363     
  0.35200000000003229     
  0.35200000000003229     
  0.33199999999999363     
  0.35199999999997544     
  0.95199999999999818     
  0.89600000000001501     
  0.35599999999999454     
  0.99600000000003774     
  0.34000000000003183     
  0.34000000000003183     
  0.69999999999998863     
  0.33999999999997499     
   1.0279999999999632     
  0.35599999999999454     
  0.35600000000005139     
  0.64400000000000546     
  0.34000000000003183     
   1.0319999999999823     
  0.35599999999999454     
  0.35599999999999454     
  0.64800000000002456     
  0.33599999999995589     
   1.0319999999999823     
  0.35599999999999454     
  0.35599999999999454     
  0.64800000000002456     
  0.35199999999997544     
  0.35199999999997544     
  0.34799999999995634     
  0.34799999999995634     
  0.33199999999999363     
  0.35200000000003229     
  0.35199999999997544     
  0.35200000000008913     
  0.35599999999999454     
  0.33199999999999363     
  0.35199999999997544     
  0.35199999999997544     
  0.32799999999997453     
  0.33600000000001273     
  0.35599999999999454     
  0.35200000000008913     
  0.35199999999997544     
  0.33199999999999363     
  0.35599999999999454     
  0.35199999999997544     
   2.1560000000000628     
  0.35599999999999454     
   1.0000000000000000     
  0.35199999999997544     
  0.74400000000002819     
  0.32799999999997453     
  0.35199999999997544     
  0.35199999999997544     
  0.35200000000008913     
  0.34799999999995634     
  0.35200000000008913     
  0.35199999999997544     
  0.35599999999999454     
  0.35199999999997544     
  0.33199999999999363     
  0.35200000000008913     
  0.33600000000001273     
  0.35599999999999454     
  0.33999999999991815     
  0.35600000000010823     
  0.35599999999999454     
  0.35199999999997544     
  0.35199999999997544     
  0.87599999999997635     
  0.74000000000000909     
  0.36000000000001364     
   1.0240000000000009     
  0.34000000000003183     
   1.0199999999999818     
  0.33600000000001273     
   1.0079999999999245     
  0.36000000000001364     
   1.0240000000000009     
  0.36000000000001364     
   1.0240000000000009     
  0.36000000000001364     
   1.0960000000000036     
  0.44399999999995998     
  0.93199999999990268     
  0.35599999999999454     
   1.0720000000000027     
  0.35200000000008913     
  0.96399999999994179     
   1.9680000000000746     
   2.2519999999999527     
  0.60400000000004184     
   1.3960000000000719     
   1.4039999999999964     
   1.1119999999999663     
   1.1079999999999472     
  0.36000000000001364     
  0.96399999999994179     
  0.35599999999999454     
   1.0519999999999072     
  0.36000000000001364     
  0.35599999999999454     
  0.37999999999999545     
  0.33199999999999363     
  0.35199999999997544     
  0.33600000000001273     
  0.33600000000001273     
  0.33199999999999363     
  0.33199999999999363     
  0.33199999999999363     
  0.33199999999999363     
  0.33199999999999363     
  0.33199999999999363     
  0.33199999999999363     
  0.33600000000001273     
  0.33199999999999363     
  0.33199999999999363     
  0.33600000000001273     
  0.33199999999999363     
  0.33199999999999363     
  0.31200000000001182     
  0.32000000000005002     
  0.33600000000001273     
  0.33199999999999363     
  0.33199999999999363     
  0.33199999999999363     
  0.33199999999999363     
  0.33199999999999363     
  0.33199999999999363     
  0.33199999999999363     
  0.33600000000001273     
  0.33199999999999363     
  0.33600000000001273     
  0.33199999999999363     
  0.33199999999999363     
  0.33199999999999363     
  0.32799999999997453     
  0.33199999999999363     
  0.33199999999999363     
  0.33199999999999363     
  0.31200000000001182     
  0.33600000000001273     
  0.33199999999999363     
  0.33199999999999363     
  0.33199999999999363     
  0.33199999999999363     
  0.33200000000010732     
  0.33199999999999363     
  0.31200000000001182     
  0.33600000000001273     
  0.31200000000001182     
  0.33599999999989905     
  0.33600000000001273     
  0.33199999999999363     
  0.34000000000003183     
  0.33600000000001273     
  0.32000000000005002     
  0.33600000000001273     
  0.33600000000001273     
  0.33599999999989905     
  0.32000000000005002     
  0.32400000000006912     
  0.33600000000001273     
  0.34000000000003183     
  0.32799999999997453     
  0.31600000000003092     
  0.33600000000001273     
  0.32399999999995543     
  0.33600000000001273     
  0.33999999999991815     
  0.34399999999993724     
  0.33600000000001273     
  0.31999999999993634     
  0.33199999999999363     
  0.32000000000005002     
  0.33199999999999363     
  0.33600000000001273     
  0.33200000000010732     
  0.33199999999999363     
  0.33199999999999363     
  0.33199999999999363     
  0.33199999999999363     
  0.32799999999997453     
  0.31200000000001182     
  0.33199999999999363     
  0.32799999999997453     
  0.36400000000003274     
  0.33600000000001273     
  0.33199999999999363     
  0.31200000000001182     
  0.33600000000001273     
  0.33199999999999363     
   2.3120000000000118     
  0.33199999999999363     
   1.0799999999999272     
   1.1159999999999854     
  0.34800000000007003     
  0.35199999999997544     
  0.60800000000006094     
  0.34799999999995634     
  0.98399999999992360     
  0.35200000000008913     
  0.35199999999997544     
  0.35200000000008913     
  0.35199999999997544     
  0.33199999999999363     
  0.35199999999997544     
  0.35199999999997544     
  0.34799999999995634     
  0.35199999999997544     
  0.35199999999997544     
  0.35199999999997544     
  0.33199999999999363     
  0.35599999999999454     
  0.35199999999997544     
  0.34800000000007003     
  0.34799999999995634     
  0.34800000000007003     
  0.33199999999999363     
  0.35599999999999454     
  0.34799999999995634     
  0.35200000000008913     
  0.35199999999997544     
  0.34800000000007003     
  0.34799999999995634     
  0.35600000000010823     
  0.34799999999995634     
  0.34800000000007003     
  0.35199999999997544     
  0.35200000000008913     
  0.35199999999997544     
  0.35199999999997544     
  0.33199999999999363     
  0.33600000000001273     
  0.35599999999999454     
  0.35599999999999454     
  0.33600000000001273     
  0.35199999999997544     
  0.35199999999997544     
  0.34800000000007003     
  0.34799999999995634     
  0.35199999999997544     
  0.33199999999999363     
  0.33600000000001273     
  0.35599999999999454     
  0.35599999999999454     
  0.35199999999997544     
  0.35200000000008913     
  0.33199999999999363     
  0.33199999999999363     
  0.35199999999997544     
  0.35199999999997544     
  0.35199999999997544     
  0.35199999999997544     
  0.33199999999999363     
  0.33600000000001273     
  0.33199999999999363     
  0.33199999999999363     
  0.33600000000001273     
  0.35599999999999454     
  0.33199999999999363     
  0.35199999999997544     
  0.47999999999990450     
  0.33600000000001273     
  0.33600000000001273     
  0.35199999999997544     
  0.35599999999999454     
  0.35599999999999454     
  0.33600000000001273     
  0.35199999999997544     
  0.35199999999997544     
  0.33199999999999363     
  0.36000000000001364     
  0.33199999999999363     
  0.31199999999989814     
  0.31600000000003092     
  0.33199999999999363     
  0.33199999999999363     
  0.33599999999989905     
  0.33199999999999363     
  0.33199999999999363     
  0.33199999999999363     
  0.33199999999999363     
  0.33199999999999363     
  0.33199999999999363     
  0.33199999999999363     
  0.31599999999991724     
  0.33199999999999363     
  0.33199999999999363     
  0.33199999999999363     
  0.33199999999999363     
  0.33599999999989905     
  0.31200000000001182     
  0.31599999999991724     
  0.31600000000003092     
  0.32000000000005002     
  0.31599999999991724     
  0.33199999999999363     
  0.33600000000001273     
  0.34000000000003183     
  0.33199999999999363     
  0.33199999999999363     
  0.39999999999997726     
  0.33199999999999363     
  0.31600000000003092     
  0.33999999999991815     
  0.31600000000003092     
  0.34000000000003183     
  0.33199999999999363     
  0.31199999999989814     
  0.31600000000003092     
  0.33600000000001273     
  0.33199999999999363     
  0.33600000000001273     
  0.33199999999999363     
  0.32799999999997453     
  0.32399999999995543     
  0.33600000000001273     
  0.31600000000003092     
  0.33599999999989905     
  0.33199999999999363     
  0.33199999999999363     
  0.33199999999999363     
  0.33199999999999363     
  0.31600000000003092     
  0.33199999999999363     
  0.33199999999999363     
  0.33599999999989905     
  0.33199999999999363     
  0.33199999999999363     
  0.33599999999989905     
  0.36000000000001364     
  0.33600000000001273     
  0.33199999999999363     
  0.31599999999991724     
  0.33199999999999363     
  0.31200000000001182     
  0.31600000000003092     
  0.32000000000005002     
  0.33199999999999363     
  0.33199999999999363     
  0.33199999999999363     
  0.31600000000003092     
  0.31600000000003092     
  0.42799999999999727     
  0.33199999999999363     
  0.33199999999999363     
  0.33600000000001273     
  0.31600000000003092     
  0.33199999999999363     
  0.31200000000001182     
  0.31600000000003092     
  0.33600000000001273     
  0.33600000000001273     
  0.34000000000003183     
  0.31200000000001182     
  0.32399999999995543     
  0.33200000000010732     
  0.31200000000001182     
  0.31999999999993634     
  0.33600000000001273     
  0.33199999999999363     
  0.31600000000003092     
  0.33200000000010732     
  0.31600000000003092     
  0.33599999999989905     
  0.33199999999999363     
  0.31200000000001182     
  0.33199999999999363     
  0.31200000000001182     
  0.33599999999989905     
  0.33199999999999363     
  0.33199999999999363     
  0.31600000000003092     
  0.33600000000001273     
  0.31600000000003092     
  0.33199999999999363     
  0.31200000000001182     
  0.33199999999999363     
  0.32000000000005002     
   2.0280000000000200     
  0.33199999999999363     
  0.99199999999996180     
  0.31200000000001182     
  0.33199999999999363     
  0.46799999999996089     
  0.31600000000003092     
  0.33199999999999363     
  0.33199999999999363     
  0.33600000000001273     
  0.33199999999999363     
  0.33600000000001273     
  0.33199999999999363     
  0.33199999999999363     
  0.31600000000003092     
  0.31200000000001182     
  0.33600000000001273     
  0.33199999999999363     
  0.30799999999999272     
  0.32799999999997453     
  0.33199999999999363     
  0.33199999999999363     
  0.33199999999999363     
  0.33199999999999363     
  0.33599999999989905     
  0.33199999999999363     
  0.33199999999999363     
  0.33199999999999363     
  0.31600000000003092     
  0.33600000000001273     
   1.9640000000000555     
  0.33199999999999363     
   1.0679999999999836     
  0.33600000000001273     
  0.75999999999999091     
  0.33600000000001273     
  0.33600000000001273     
  0.34399999999993724     
  0.32799999999997453     
  0.31200000000001182     
  0.31200000000001182     
  0.33600000000001273     
  0.31600000000003092     
  0.33199999999999363     
  0.33600000000001273     
  0.31600000000003092     
  0.34000000000003183     
  0.31599999999991724     
  0.33199999999999363     
  0.34399999999993724     
  0.33199999999999363     
  0.33999999999991815     
  0.34000000000003183     
  0.33199999999999363     
  0.35199999999997544     
  0.32000000000005002     
  0.33999999999991815     
  0.32000000000005002     
  0.34400000000005093     
  0.33600000000001273     
  0.31200000000001182     
  0.31600000000003092     
  0.34399999999993724     
  0.32000000000005002     
  0.34400000000005093     
  0.34400000000005093     
  0.33600000000001273     
  0.31200000000001182     
  0.33599999999989905     
  0.32799999999997453     
  0.32000000000005002     
  0.31600000000003092     
  0.32399999999995543     
  0.33600000000001273     
  0.33199999999999363     
  0.33600000000001273     
  0.31999999999993634     
  0.33600000000001273     
  0.33199999999999363     
  0.33600000000001273     
  0.31199999999989814     
  0.31200000000001182     
  0.32799999999997453     
  0.33199999999999363     
  0.31200000000001182     
  0.33199999999999363     
  0.32799999999997453     
  0.31200000000001182     
  0.31599999999991724     
  0.33199999999999363     
  0.33200000000010732     
  0.32799999999997453     
  0.31600000000003092     
  0.32800000000008822     
  0.33199999999999363     
  0.33600000000001273     
  0.33199999999999363     
  0.32800000000008822     
  0.31200000000001182     
  0.31200000000001182     
  0.33199999999999363     
  0.30799999999999272     
  0.33199999999999363     
  0.32799999999997453     
  0.31200000000001182     
  0.33199999999999363     
  0.31200000000001182     
  0.32800000000008822     
  0.32799999999997453     
  0.31600000000003092     
  0.34000000000003183     
  0.33600000000001273     
   1.3680000000000518     
  0.84000000000003183     
  0.32799999999997453     
   1.0280000000000200     
  0.33199999999999363     
  0.31199999999989814     
  0.71600000000000819     
  0.33199999999999363     
  0.76000000000010459     
  0.32799999999997453     
  0.32799999999997453     
  0.32399999999995543     
  0.31200000000001182     
  0.31200000000001182     
  0.33199999999999363     
  0.32799999999997453     
  0.33199999999999363     
  0.33199999999999363     
  0.31200000000001182     
  0.33600000000001273     
  0.31600000000003092     
  0.33199999999999363     
  0.33199999999999363     
  0.33199999999999363     
  0.31200000000001182     
  0.33199999999999363     
  0.31200000000001182     
  0.33199999999999363     
  0.33199999999999363     
  0.32799999999997453     
  0.31600000000003092     
  0.33199999999999363     
  0.33199999999999363     
  0.34000000000003183     
  0.31599999999991724     
  0.34000000000003183     
  0.34400000000005093     
  0.30799999999999272     
  0.33199999999999363     
  0.33199999999999363     
  0.31199999999989814     
  0.32799999999997453     
  0.31200000000001182     
  0.31600000000003092     
  0.31599999999991724     
  0.33199999999999363     
  0.31200000000001182     
  0.33199999999999363     
  0.31600000000003092     
  0.33199999999999363     
  0.31200000000001182     
  0.31600000000003092     
  0.31599999999991724     
  0.31600000000003092     
  0.33599999999989905     
  0.33199999999999363     
  0.32799999999997453     
  0.32800000000008822     
  0.31600000000003092     
  0.33600000000001273     
  0.32800000000008822     
  0.33199999999999363     
  0.33199999999999363     
  0.33199999999999363     
  0.33199999999999363     
  0.33199999999999363     
  0.33199999999999363     
  0.31199999999989814     
  0.33199999999999363     
  0.32799999999997453     
  0.32800000000008822     
   1.8880000000000337     
  0.30799999999999272     
  0.31600000000003092     
  0.74400000000002819     
  0.31200000000001182     
  0.72800000000006548     
  0.33199999999999363     
  0.33199999999999363     
  0.31200000000001182     
  0.33600000000001273     
  0.33199999999999363     
  0.32799999999997453     
  0.31200000000001182     
  0.33199999999999363     
  0.31999999999993634     
  0.33199999999999363     
  0.33199999999999363     
  0.32799999999997453     
  0.33199999999999363     
  0.33199999999999363     
  0.33199999999999363     
  0.33199999999999363     
  0.31200000000001182     
  0.33600000000001273     
  0.33199999999999363     
  0.31599999999991724     
  0.31600000000003092     
  0.33600000000001273     
  0.33199999999999363     
  0.33199999999999363     
  0.33200000000010732     
  0.33199999999999363     
  0.33199999999999363     
  0.32799999999997453     
  0.31600000000003092     
  0.31200000000001182     
  0.33199999999999363     
  0.33199999999999363     
  0.31599999999991724     
  0.33199999999999363     
  0.33199999999999363     
  0.32800000000008822     
  0.33199999999999363     
  0.31600000000003092     
  0.33199999999999363     
  0.33199999999999363     
  0.33199999999999363     
  0.33199999999999363     
  0.32799999999997453     
  0.30799999999999272     
  0.33199999999999363     
