   1.4639999999999995     
  0.17600000000000016     
  0.14400000000000013     
  0.13600000000000012     
  0.12399999999999967     
   1.2560000000000002     
  0.13199999999999967     
  0.13600000000000101     
  0.14000000000000057     
  0.43999999999999950     
  0.14000000000000057     
  0.13600000000000101     
  0.58399999999999963     
  0.13200000000000145     
  0.13599999999999923     
  0.12800000000000011     
  0.60800000000000054     
  0.12800000000000011     
  0.55200000000000138     
   1.3839999999999986     
  0.55599999999999916     
  0.12400000000000055     
  0.17999999999999972     
  0.56799999999999962     
  0.14400000000000013     
  0.12400000000000055     
  0.14000000000000057     
  0.47199999999999953     
  0.14000000000000057     
   1.0400000000000009     
  0.13599999999999923     
  0.17999999999999972     
  0.13599999999999923     
  0.61199999999999832     
  0.20400000000000063     
  0.22800000000000153     
  0.18799999999999883     
  0.13599999999999923     
  0.14000000000000057     
  0.13599999999999923     
  0.14000000000000057     
  0.12800000000000011     
  0.12800000000000011     
  0.12800000000000011     
  0.13199999999999790     
  0.13199999999999790     
  0.13200000000000145     
  0.12800000000000011     
  0.13199999999999790     
  0.12800000000000011     
  0.13599999999999923     
  0.13199999999999790     
  0.12800000000000011     
  0.12800000000000011     
  0.12400000000000233     
  0.12000000000000099     
  0.12800000000000011     
  0.14000000000000057     
  0.13599999999999923     
  0.13199999999999790     
  0.13200000000000145     
  0.13599999999999923     
  0.13600000000000279     
  0.13599999999999923     
  0.12800000000000011     
  0.13999999999999702     
  0.12800000000000011     
  0.14399999999999835     
  0.59200000000000230     
  0.12399999999999878     
  0.14000000000000057     
  0.12800000000000011     
  0.14799999999999969     
  0.14000000000000057     
  0.14000000000000057     
  0.14000000000000057     
  0.12800000000000011     
  0.13599999999999923     
  0.14000000000000057     
  0.16400000000000148     
  0.14000000000000057     
  0.14000000000000057     
  0.14000000000000057     
  0.12800000000000011     
  0.14800000000000324     
  0.14399999999999835     
  0.12800000000000011     
  0.13200000000000145     
  0.14000000000000057     
  0.14399999999999835     
  0.12800000000000011     
  0.13199999999999790     
   1.3000000000000007     
  0.13599999999999923     
  0.14000000000000057     
  0.63200000000000145     
  0.13599999999999923     
   1.3679999999999986     
  0.41999999999999815     
  0.94400000000000261     
  0.98000000000000398     
  0.60000000000000142     
  0.15200000000000102     
  0.14000000000000057     
  0.63600000000000279     
  0.14399999999999835     
  0.14399999999999835     
  0.13599999999999568     
  0.55199999999999960     
  0.13199999999999790     
  0.14799999999999613     
  0.14399999999999835     
  0.58800000000000097     
  0.14399999999999835     
  0.14800000000000324     
  0.15200000000000102     
  0.14400000000000546     
  0.14399999999999835     
  0.14399999999999835     
  0.14399999999999835     
  0.14000000000000057     
  0.13599999999999568     
  0.13600000000000279     
  0.14800000000000324     
  0.14000000000000057     
  0.14800000000000324     
  0.13600000000000279     
  0.13199999999999790     
  0.15199999999999392     
  0.13599999999999568     
  0.15200000000000102     
  0.13199999999999790     
  0.14400000000000546     
  0.13199999999999790     
  0.14000000000000057     
  0.14399999999999835     
  0.17999999999999972     
  0.15200000000000102     
  0.15200000000000102     
  0.14800000000000324     
  0.13200000000000500     
  0.14399999999999835     
  0.15600000000000591     
  0.14000000000000057     
  0.14800000000000324     
  0.15599999999999881     
  0.14800000000000324     
  0.14400000000000546     
  0.15200000000000102     
  0.14399999999999835     
  0.14399999999999835     
  0.13600000000000279     
  0.13600000000000279     
  0.14000000000000057     
  0.14800000000000324     
  0.14399999999999835     
  0.15200000000000102     
  0.19599999999999795     
  0.14399999999999835     
  0.14400000000000546     
  0.13599999999999568     
  0.13599999999999568     
  0.14799999999999613     
  0.13599999999999568     
  0.16800000000000637     
  0.13199999999999790     
  0.14399999999999835     
  0.13599999999999568     
  0.14399999999999835     
  0.14399999999999835     
  0.14000000000000057     
  0.13199999999999790     
  0.13600000000000279     
  0.14399999999999835     
  0.14400000000000546     
  0.14800000000000324     
  0.14799999999999613     
  0.12800000000000011     
  0.14399999999999835     
  0.18400000000000460     
  0.14399999999999835     
  0.14000000000000057     
  0.14799999999999613     
   1.2200000000000060     
  0.14399999999999835     
  0.27600000000000335     
  0.14399999999999835     
  0.14399999999999835     
  0.14399999999999835     
  0.56000000000000227     
  0.14400000000000546     
  0.14399999999999835     
  0.84400000000000119     
  0.61200000000000188     
  0.14399999999999835     
  0.12800000000000011     
  0.13599999999999568     
  0.60800000000000409     
  0.15200000000000102     
  0.14800000000000324     
