   9796.0000000000000     
   11484.000000000000     
   13512.000000000000     
   13776.000000000000     
   16572.000000000000     
   19224.000000000000     
   21600.000000000000     
   23976.000000000000     
   26616.000000000000     
   28992.000000000000     
   31368.000000000000     
   33744.000000000000     
   36384.000000000000     
   38760.000000000000     
   41136.000000000000     
   43512.000000000000     
   45888.000000000000     
   48528.000000000000     
   50904.000000000000     
   53280.000000000000     
   55656.000000000000     
   58032.000000000000     
   60672.000000000000     
   63048.000000000000     
   61252.000000000000     
